48
47
205
196
114
176
184
154
45
47
58
68
61
90
55
81
89
83
56
61
90
68
66
100
114
120
125
125
129
130
134
134
137
139
144
143
145
149
147
149
154
161
166
177
190
200
210
199
73
95
115
127
116
130
114
89
81
83
88
135
98
48
50
90
52
66
186
164
113
177
186
158
47
47
52
58
60
73
37
120
51
81
76
78
85
36
39
71
108
118
125
126
128
129
134
135
139
140
143
145
145
142
143
147
150
160
171
182
193
206
217
148
79
107
115
117
110
90
109
86
98
75
65
96
125
87
55
49
61
101
177
131
115
177
184
171
59
41
54
50
58
64
65
98
58
52
73
118
78
40
42
41
57
58
104
127
127
132
135
137
139
142
146
143
139
139
140
147
155
164
176
188
201
209
226
107
92
105
98
105
115
155
62
73
72
112
77
62
114
108
64
60
90
122
188
125
118
177
184
155
98
39
47
50
47
56
61
54
60
63
57
95
91
39
44
35
76
113
64
63
132
132
138
138
138
141
142
140
138
137
143
148
159
165
179
195
205
210
228
74
107
98
86
60
111
223
169
52
59
71
108
71
84
112
83
63
67
89
195
104
122
176
180
163
94
40
52
50
50
58
61
44
46
45
84
144
107
39
42
39
41
90
129
74
76
138
137
138
139
142
140
135
136
138
147
154
160
174
188
200
207
217
184
87
105
86
57
23
103
196
206
187
48
71
81
105
77
103
90
53
23
79
193
83
124
175
180
167
97
49
42
55
58
54
59
41
51
72
135
66
84
59
43
45
37
61
113
129
50
123
135
140
142
141
137
133
138
144
150
157
166
178
192
204
210
225
129
75
72
70
76
94
143
149
174
225
118
64
85
89
95
91
103
57
29
94
179
70
132
178
179
159
114
40
59
43
56
60
57
50
63
63
71
71
64
148
52
47
44
41
86
125
109
79
139
139
143
139
136
136
142
148
152
159
170
185
196
206
212
227
126
87
117
139
146
144
146
138
137
229
171
97
92
76
100
91
95
82
26
110
183
51
139
179
180
164
95
40
44
65
48
58
47
52
50
76
83
123
111
77
41
53
64
49
61
115
136
65
130
139
139
138
134
136
142
150
156
165
174
190
200
206
215
194
110
152
146
143
140
134
126
140
196
216
196
107
98
98
81
105
91
95
23
132
180
41
143
179
175
161
94
39
45
56
57
70
56
44
50
67
63
143
95
101
90
90
86
52
46
100
135
68
117
132
140
137
133
139
144
152
159
168
182
193
203
209
225
131
104
152
141
138
138
134
120
150
219
210
217
126
100
102
103
93
100
85
24
140
176
29
147
181
182
162
87
49
43
35
94
68
52
47
45
64
100
109
137
133
106
44
57
52
49
68
131
73
108
135
136
135
136
143
146
156
162
173
184
196
207
211
238
59
98
153
144
142
137
132
123
129
227
208
222
176
83
94
116
87
105
97
26
157
173
30
149
180
180
161
109
34
57
44
46
88
52
59
61
97
87
115
138
40
136
44
65
46
55
45
109
65
105
130
135
137
139
145
150
156
167
177
185
197
207
217
222
22
93
150
147
143
139
134
132
114
168
206
217
216
100
89
109
99
92
102
61
161
158
42
149
179
179
157
117
28
51
57
37
91
39
61
84
75
90
120
151
73
106
44
55
44
62
46
107
58
101
132
133
139
139
144
153
161
171
179
189
199
206
238
92
43
83
146
146
143
140
139
134
125
126
151
219
218
157
70
93
111
93
101
133
158
113
43
148
176
176
152
166
35
47
57
80
55
76
71
59
74
106
149
85
119
67
57
55
51
60
58
87
49
112
119
131
138
139
140
158
166
178
185
194
204
228
153
38
68
72
153
147
143
141
138
129
120
125
108
216
215
209
57
86
87
108
88
143
107
70
46
146
171
175
154
114
74
28
100
50
107
42
102
110
77
115
133
95
96
52
57
50
49
54
52
66
51
108
121
124
136
139
137
147
173
190
194
207
228
130
31
85
70
65
157
145
140
134
123
107
88
111
70
196
209
214
169
39
72
84
85
75
44
49
75
153
172
173
170
97
88
32
72
57
66
88
118
100
111
106
87
160
50
70
56
49
50
48
55
53
58
114
132
128
135
142
143
139
163
199
222
162
60
25
69
90
81
62
160
122
118
109
101
106
117
120
102
205
205
208
213
173
42
46
86
45
38
59
105
159
173
178
148
105
125
50
66
61
31
134
79
89
106
151
131
54
42
73
49
48
51
46
59
57
69
68
88
108
122
139
155
163
156
147
45
41
56
50
67
94
83
55
169
108
122
133
143
150
145
137
111
188
218
209
209
209
172
62
26
48
42
79
115
154
176
180
160
65
90
50
80
63
41
116
59
132
124
120
81
46
50
60
51
51
46
55
56
58
55
56
104
127
140
149
167
168
170
148
37
51
60
51
64
91
75
47
168
149
156
150
149
149
143
138
122
157
227
208
213
213
211
216
181
48
43
82
111
152
177
181
158
68
114
76
70
57
42
131
129
106
102
87
190
62
45
53
51
50
52
59
53
61
77
108
126
135
137
141
146
165
159
158
72
39
53
57
55
89
72
43
168
149
156
153
151
150
146
141
126
139
226
214
212
210
211
209
212
51
52
62
104
161
179
183
163
61
125
81
96
46
69
131
100
77
121
135
157
171
42
54
51
52
60
57
75
69
107
116
127
136
143
130
123
119
126
142
142
38
46
53
55
84
69
43
164
151
154
152
153
150
146
142
131
140
222
211
214
214
208
204
205
55
62
62
114
165
177
183
152
117
86
126
65
40
72
112
81
102
72
124
164
128
146
33
44
50
58
54
79
87
122
123
132
148
134
112
118
142
162
158
146
93
40
44
56
83
66
38
159
147
155
150
151
146
145
145
135
139
213
210
209
210
212
212
209
60
65
58
105
165
173
182
159
69
112
119
54
70
58
87
88
68
114
71
162
203
94
97
51
44
64
42
93
99
130
129
139
141
112
122
130
123
125
138
123
147
39
49
59
77
62
46
143
143
155
151
146
147
146
143
138
133
201
211
208
207
209
212
211
74
70
57
110
163
170
181
159
74
91
133
67
94
53
65
80
90
121
78
45
132
181
108
55
46
61
38
104
113
127
134
140
138
149
151
148
149
201
199
191
143
91
41
53
78
54
66
127
140
153
152
148
147
144
144
139
132
196
203
208
206
206
210
210
77
77
63
108
163
169
180
157
76
89
128
59
66
81
75
106
126
64
118
37
66
130
122
167
24
61
40
104
115
125
132
142
145
154
159
154
136
150
166
186
147
136
39
49
77
54
92
114
118
154
154
150
147
147
145
142
126
190
196
207
205
208
209
207
83
76
60
76
160
173
180
154
86
91
113
74
107
72
68
98
127
41
56
36
91
24
51
209
143
25
41
92
110
126
135
146
150
155
158
134
120
94
103
188
146
142
78
40
64
44
117
102
83
154
156
149
149
147
145
143
128
173
197
198
206
206
208
207
81
75
52
60
160
175
180
153
69
109
120
77
96
72
83
120
78
44
37
88
121
76
22
105
168
71
30
81
108
128
137
147
152
159
158
130
127
131
133
227
152
141
123
34
66
37
139
92
48
149
160
151
149
149
148
145
135
143
201
191
202
207
204
207
76
75
57
70
159
172
177
151
67
113
134
90
110
74
80
115
83
56
32
76
53
158
105
20
136
218
21
65
114
130
141
154
165
170
167
145
130
118
140
226
153
143
133
54
59
38
158
68
35
138
157
155
152
149
145
143
140
124
182
195
190
202
210
200
78
74
64
73
160
177
180
152
77
94
107
106
89
79
72
110
61
44
47
51
32
121
77
25
94
185
136
38
122
129
144
159
176
178
171
151
143
124
152
222
158
144
132
77
47
42
176
41
45
106
155
156
153
148
146
145
144
135
135
199
192
192
197
204
92
82
67
76
160
178
184
152
76
92
123
138
111
86
55
108
109
37
56
96
100
102
47
43
44
137
220
74
107
131
151
169
177
176
175
156
141
122
162
216
163
138
131
87
49
44
179
37
43
75
142
160
152
150
150
147
145
141
128
157
202
196
187
191
101
90
75
79
161
179
185
153
77
97
106
128
145
71
43
48
119
77
56
93
109
76
41
46
35
88
163
210
83
130
152
156
151
146
157
158
131
121
177
210
149
129
106
80
42
56
167
51
47
45
141
156
153
150
151
148
149
147
141
125
156
194
193
188
102
98
81
88
162
179
183
149
80
98
112
81
86
155
169
56
68
69
67
84
128
61
39
49
47
24
138
183
202
107
137
132
114
143
171
153
118
123
191
176
129
147
86
56
46
64
150
66
42
45
123
149
156
151
149
155
152
151
146
141
131
133
166
187
97
94
80
90
162
178
180
146
72
91
99
102
85
116
169
139
63
58
65
49
123
33
43
73
40
45
62
159
186
205
90
38
84
48
238
90
107
131
178
195
43
76
145
34
40
67
141
64
47
43
90
146
159
154
151
151
151
152
150
148
145
137
123
133
98
98
88
97
160
177
177
149
71
84
100
97
93
116
154
158
146
76
60
96
90
49
72
36
86
48
23
124
179
202
184
60
46
37
50
65
132
141
170
213
136
55
43
58
44
72
133
54
49
49
48
144
156
155
153
154
154
155
152
151
154
147
144
137
101
103
94
102
161
175
179
147
73
89
102
101
99
103
109
149
99
76
123
57
64
98
41
57
57
43
78
43
152
187
170
195
131
144
133
71
112
172
177
190
197
155
105
98
38
83
116
55
59
48
45
128
144
162
156
154
155
158
153
153
156
150
143
132
101
97
92
104
162
175
177
145
72
88
101
102
100
107
117
121
132
96
139
104
66
71
38
75
41
59
64
51
75
151
172
173
197
116
132
167
186
175
188
193
197
213
221
101
25
111
91
57
65
47
43
97
137
163
160
159
165
161
154
148
143
140
140
144
103
99
90
104
161
174
176
145
73
91
99
103
100
108
114
115
111
140
124
136
74
60
40
62
61
50
54
72
48
113
158
184
162
186
161
155
169
178
195
199
204
212
213
98
23
140
64
51
60
53
49
50
146
157
162
159
157
152
143
143
146
149
153
151
103
101
93
107
162
173
176
145
72
86
101
103
98
107
122
111
128
165
106
123
125
65
46
65
56
46
53
91
85
19
132
178
153
177
179
165
154
177
193
200
203
214
193
62
32
161
53
51
58
60
44
38
124
143
158
147
147
152
155
161
160
156
154
151
105
103
91
106
161
173
174
145
68
87
97
100
97
102
112
99
168
183
100
117
122
137
78
62
37
66
71
54
101
46
32
112
142
188
188
157
178
159
187
200
198
208
159
41
67
170
45
42
54
62
44
43
77
137
151
161
165
161
161
162
159
157
156
152
107
102
93
108
163
173
176
144
67
83
96
95
96
101
111
88
170
203
121
109
125
123
127
94
61
90
43
81
57
44
61
64
95
150
187
179
172
174
171
188
193
205
123
76
105
160
66
30
52
57
49
45
48
129
140
170
162
163
161
159
160
156
155
151
106
102
96
115
164
172
173
144
67
88
95
96
95
99
103
91
220
179
113
129
116
126
124
134
84
71
59
79
33
74
53
70
85
107
180
199
179
180
172
181
187
186
51
101
121
151
204
92
26
51
56
44
46
96
138
169
163
162
162
159
157
157
153
151
106
102
96
123
163
171
172
141
70
88
95
98
97
98
85
160
203
152
125
126
128
118
125
126
128
119
67
61
41
85
67
96
64
54
131
176
190
181
181
182
189
198
174
88
105
157
171
203
118
26
55
48
49
49
155
154
165
163
161
157
155
154
154
151
103
97
100
123
164
172
173
140
70
90
96
99
98
98
69
210
195
120
139
101
135
130
124
130
138
121
135
100
86
49
105
78
96
71
19
118
170
191
194
189
191
190
198
214
180
75
69
117
201
115
27
49
47
44
116
149
165
159
158
157
155
154
153
151
99
97
99
125
163
173
174
140
68
88
96
99
98
98
80
220
183
135
123
118
109
139
131
124
132
143
127
129
107
74
158
109
80
91
55
34
106
177
193
196
194
191
198
199
207
217
170
97
66
190
122
35
46
46
59
156
153
160
158
155
153
153
153
152
96
95
97
120
162
172
173
138
70
90
97
95
96
96
89
216
166
153
117
126
133
117
142
137
129
142
152
133
126
130
138
126
166
162
167
150
152
151
178
190
198
186
190
197
201
202
210
213
136
93
221
22
49
53
43
130
149
159
156
154
155
155
156
154
94
93
90
117
163
171
172
135
73
92
98
97
97
100
84
206
154
138
102
101
140
134
120
145
140
141
147
156
159
164
164
165
158
163
167
170
168
167
156
171
184
197
199
190
192
200
200
212
172
161
174
96
39
46
44
73
159
150
160
156
157
155
156
155
96
96
93
113
162
173
173
134
72
92
99
97
97
102
84
212
147
127
99
109
108
139
145
124
151
147
144
160
164
172
167
172
166
164
171
179
183
180
179
169
167
181
189
202
200
195
197
201
206
156
185
176
27
50
44
43
112
152
159
159
158
156
157
157
100
97
96
116
161
174
175
134
71
90
98
98
97
104
82
211
133
103
105
111
119
115
145
147
131
152
158
165
172
160
174
174
171
179
184
176
185
190
186
180
185
173
189
192
197
204
203
196
204
198
208
243
26
49
45
47
60
154
148
161
157
156
154
154
99
99
94
117
158
169
171
133
71
90
100
100
98
106
95
184
118
98
101
107
118
121
112
146
153
141
161
177
166
181
167
175
182
180
186
191
176
186
197
196
195
193
201
136
169
206
200
209
199
201
209
240
68
46
48
42
45
89
157
157
158
156
154
151
95
98
93
111
158
168
166
130
72
89
99
102
101
108
106
170
127
95
104
118
120
119
133
108
150
165
161
172
182
181
183
176
180
192
196
195
202
183
199
202
202
220
144
153
149
96
162
207
211
206
198
234
103
42
50
44
53
25
146
146
161
156
155
155
88
92
86
110
158
167
163
127
66
84
97
97
98
104
108
144
147
94
112
110
123
126
120
132
107
148
184
165
174
173
190
187
192
188
195
199
199
200
206
203
230
117
134
157
156
128
22
102
210
210
218
241
94
38
54
47
45
52
63
159
146
161
159
156
91
88
81
112
160
163
164
129
71
87
94
97
101
106
110
100
167
96
110
110
116
127
137
132
137
112
128
191
182
185
178
196
196
198
199
200
201
206
206
214
224
53
146
152
156
133
51
27
52
209
215
228
27
46
56
55
52
51
35
103
149
153
161
156
89
92
85
117
158
165
163
127
74
90
97
100
97
106
114
111
145
94
110
111
113
119
130
141
136
140
124
123
176
197
192
185
191
204
204
205
204
204
209
242
92
88
145
155
155
131
49
33
76
130
134
141
116
28
50
53
48
51
51
37
135
140
157
164
85
90
84
114
159
167
163
127
71
92
99
98
101
105
115
116
120
118
112
111
115
115
125
129
137
140
136
139
148
161
201
203
200
193
201
202
204
208
232
143
57
101
148
155
155
131
42
56
133
151
139
144
165
62
33
57
51
47
48
51
57
143
146
163
117
82
82
117
161
167
163
125
72
93
97
100
98
107
114
117
120
124
105
111
117
114
113
125
135
138
142
142
157
177
164
192
212
206
201
204
209
239
124
68
91
105
148
155
153
132
34
103
150
144
141
143
145
154
35
44
55
47
53
45
55
77
150
144
156
87
78
119
163
168
162
127
71
91
97
100
100
107
113
116
120
121
126
104
114
119
121
121
129
133
135
141
161
183
189
180
183
199
212
211
229
178
71
100
96
106
146
154
154
119
70
140
147
145
142
143
142
156
116
25
47
54
44
52
45
64
62
163
170
131
67
118
165
167
161
130
68
90
100
98
99
106
113
114
118
120
125
127
107
114
124
126
133
133
137
147
161
177
184
190
194
192
190
214
168
84
110
103
103
107
149
157
149
123
126
150
143
146
140
143
144
146
167
72
30
47
52
43
53
46
55
68
172
159
90
112
165
165
163
130
70
88
97
98
101
105
113
115
121
123
122
137
109
119
119
130
127
133
139
153
172
178
182
187
189
201
202
121
97
114
115
110
101
109
145
149
143
142
147
144
140
144
141
140
142
142
135
230
77
34
50
54
45
49
47
40
163
170
136
117
162
164
165
133
75
92
98
99
102
111
118
121
122
123
125
124
132
141
127
132
137
144
151
160
168
174
180
189
205
174
106
118
123
121
116
112
103
113
142
145
145
149
150
144
143
143
140
139
139
132
173
234
221
23
43
54
51
47
49
47
158
167
159
137
155
161
164
132
80
96
104
102
103
112
120
122
125
125
128
128
126
125
127
127
143
144
156
172
185
183
188
168
128
108
127
128
125
125
121
115
108
112
141
142
148
154
151
152
151
146
142
140
138
141
220
235
135
100
30
44
54
53
44
45
161
159
167
157
157
159
162
129
79
98
103
102
100
109
119
121
122
124
124
127
126
128
128
126
126
123
123
125
132
125
112
118
124
126
128
126
125
126
123
115
110
115
140
148
154
155
153
153
155
153
147
144
132
193
231
187
89
122
105
32
47
58
50
43
157
159
163
169
165
156
162
130
83
98
104
102
100
109
119
121
125
126
124
126
128
127
130
127
130
124
120
121
121
119
126
128
131
126
127
125
124
126
124
117
106
117
142
155
158
157
156
155
155
155
153
146
148
223
231
106
111
121
135
104
30
52
52
50
155
158
157
162
166
157
162
131
81
99
105
103
103
109
120
123
126
128
127
128
128
129
127
129
134
125
122
125
124
125
127
130
131
125
126
125
124
127
123
118
104
118
150
161
160
158
158
154
153
153
150
137
202
230
156
101
121
121
120
138
105
36
43
51
155
155
155
153
166
165
160
131
86
98
106
102
100
111
118
123
127
129
130
130
131
130
131
130
130
130
131
130
130
127
135
132
129
128
128
125
128
127
123
117
102
120
153
163
160
161
157
155
152
150
146
163
224
214
92
115
119
122
123
126
141
106
35
45
155
154
155
151
159
170
167
129
85
98
104
103
101
111
120
124
126
128
130
129
130
132
130
131
130
129
130
127
130
127
131
129
129
128
126
126
126
127
122
111
102
139
158
155
156
157
154
153
152
151
145
209
227
130
104
119
120
119
120
121
123
134
114
33
162
159
154
154
154
170
171
136
88
103
106
106
105
114
120
125
131
130
129
130
131
132
132
132
133
133
133
129
131
130
133
130
133
129
129
128
129
126
121
107
117
150
161
149
152
153
151
152
154
154
174
223
202
87
119
121
122
120
125
121
125
124
116
158
